1 60 2

-0.0018357495005163842 -0.02867488905006567 
0.06195735771861503 0.19463877237904717 
0.051263741423345166 0.5365784772369975 
-0.13681518347493457 0.3271708564872057 
-0.0792660039472061 -0.052092582523455326 
0.05084147907841828 -0.2616367295379253 
0.16105240021236894 0.1811923043643994 
-0.05828604609708972 0.059169272995817486 
-0.25133989272339413 -2.465610013149206 
0.24508596813068376 -1.452089076604856 
-0.4510435247589505 0.8005424509435557 
-0.3753154700325483 0.3036806784540006 
-0.03944713771641902 -0.0406603939799134 
-0.06492619115292995 0.06267368568163517 
-0.0682592965075529 -0.1100380098947926 
-0.0716651718709696 0.018584404353525184 
-2.3211090535604924 -2.1376649694434464 
-0.5756630387180057 -5.087693568214942 
5.788407414496905 -7.0762414085516685 
6.271563787769866 -0.580206517793892 
-0.5143181124561281 5.447382708562594 
-0.5786436448455068 2.3968286182321092 
-0.21801868203649755 2.3500394409244643 
0.116580593104568 -0.3311280575888803 
-0.3407414886166483 -0.11201778537410656 
-1.6912122618723349 -0.4071171212881647 
0.04871451044813989 -0.31857339127950957 
3.2733973305038733 -0.9925536394917519 
6.3919509757790625 0.5930419329306645 
-0.305797796576829 4.746694971119955 
-0.5062546582199942 1.9622029350912742 
1.9998880107217678 1.0995817733923725 
4.097814417516817 -0.4276909574441487 
-0.20759531083180216 0.09031833174845538 
-2.392251460460419 1.6313992967296682 
-0.46229231404002846 3.492520813180497 
5.987934064116346 5.34997742477279 
6.247511090094107 -0.8210256243699126 
-0.3729412647217357 -8.921163324511925 
-0.47925411562183745 -4.238228494581845 
0.8672284897236244 -3.0070023267907158 
1.674879958564752 0.7241751015758863 
0.15431180367761765 -0.167784816503426 
-0.819333749948292 0.8119860286712153 
-0.6894414457240656 5.441679804997736 
1.9420897232118977 5.089595488383669 
1.482102089524424 -0.32229918406461194 
0.19439825045584244 -1.683868670901042 
-0.34172168612837595 -0.9442091637672185 
-0.3868134689929693 -0.9064871594114352 
-0.29477551918558925 0.13377578810083726 
0.04240834960852764 -0.006240180335599686 
0.19832053132395916 -0.5179416698112577 
0.13371132060450683 -1.027187449640424 
-0.43951941626907143 -0.9006494922451695 
-0.4427344591594534 -0.24477009510945708 
-0.13557104671327452 0.40143464125984635 
0.06744152148072675 0.28840554267869606 
0.09040017136993848 0.14187756382228142 
0.03845881624668293 0.02046940578668108 
