1 60 2

-0.0018236118356335534 -0.028641750549941128 
0.05905770408750782 0.1902524849008706 
0.04739387011089785 0.5081682361901401 
-0.13580872711195344 0.3089945768596675 
-0.07950438634520302 -0.05227477655667372 
0.05042845046684755 -0.26253267784285483 
0.15574172754668145 0.17663554950728086 
-0.06103236552186362 0.0584201614906212 
-0.20437766777193989 -2.277427252544496 
0.22980600791116332 -1.3156511223809466 
-0.3755293413739725 0.7336053687745124 
-0.35156399490728774 0.2928689604157814 
-0.03883485489687636 -0.04264992061598203 
-0.06551675014689749 0.06437201863933291 
-0.0676026559434156 -0.11083172991325964 
-0.07001114708525069 0.019152344379454293 
-2.21919115353448 -2.124003917808001 
-0.4939578519061164 -5.196745105078831 
5.729606384876002 -6.852245579126859 
5.884104368990948 -0.15672623650468256 
-0.22718112326712642 5.2853877255826935 
-0.6557983616815223 2.356201529982739 
-0.3158641759139642 2.355103455446677 
0.12556159816206536 -0.32629567729764575 
-0.3303661862386246 -0.113008822786053 
-1.6959981608927974 -0.4231322986587502 
0.05094029239520247 -0.3359751681680064 
3.62177596252898 -1.0575446680994176 
5.96863463291918 0.5958943936097049 
-0.2487131143321179 3.8717702981327617 
-0.5053793887601876 1.633154018797762 
2.0959130500320944 1.0503793225377727 
4.01140625687319 -0.35002320166072853 
-0.19920152666348975 0.08999050913029573 
-2.3304617004611354 1.659127030497632 
-0.42448710419423297 3.714031570990415 
6.0122082412939895 5.495366464819174 
5.975050519929753 -1.1456523277633206 
-0.11153562350330706 -7.755671932798975 
-0.5920908998871142 -3.784257881085103 
0.7859537936317929 -2.9309104889165893 
1.6766161425831763 0.6363348734037394 
0.14768465714559675 -0.1638184750408506 
-0.7690491288013497 0.7694030009642633 
-0.5464516485824907 5.111054098584299 
1.8649592290531805 4.645815308147683 
1.4557333816541365 -0.4559505259603157 
0.2625689960614213 -1.8349755682427267 
-0.3571091110560002 -1.0146467153252299 
-0.4125823590870839 -0.9376004895150044 
-0.2936517518834587 0.14127089040535437 
0.042222438184886385 -0.005989209790916514 
0.1828726819689165 -0.49621737574342284 
0.11900647636651436 -0.9420853533707632 
-0.43849059807417007 -0.8126372600987753 
-0.4296240149556711 -0.2167985030030716 
-0.13695909738207196 0.40912176198268063 
0.06713170676501456 0.2936049761111399 
0.09039251246271245 0.14392055033778972 
0.03848900442247713 0.02059228322906736 
