1 60 2

-0.01107531473840918 -0.015574693029185438 
0.0001637380796239464 -0.06360525998405697 
0.04122546531969077 -0.103536145644066 
0.05473171103800862 -0.024524487424197383 
-0.025785412117024176 -0.12191384033459668 
0.07319246238732673 -0.04835741136468652 
-0.04800895707392426 -0.05573873365573269 
0.0558748822237264 0.14067861755640254 
0.02824308622112051 1.1889570660378257 
-0.33305807281749394 0.9327785337958949 
0.1300817649242672 0.35969862849633877 
-0.17643368877762183 0.12550850943352143 
0.03980919399281868 0.15220735238865876 
-0.10539039807450232 0.048229487164179755 
0.0022119925526644726 -0.01572559680556112 
0.1192496943531799 0.07038910083179144 
1.176246186619673 0.9946541980184891 
0.2612780150157116 2.5207035380724374 
-3.0780494266128295 2.77416018573437 
-3.407209661148832 0.022932140226683967 
1.6075009214969478 1.1446820508823152 
-0.9049070248038482 0.28462497827476163 
0.00969851926702428 1.0194677560728085 
-0.010945236905751748 0.0399010199230946 
0.5677287231171051 0.01637902680569771 
1.7515637431788735 0.00441779601142156 
0.29845167360696945 0.24645903976977207 
-2.1750919991250863 0.6753530414620597 
-3.746111775663847 -2.242451465193716 
-2.4907770702451253 1.7818986484577855 
0.6245356871028919 -0.6283670331523107 
-0.09515029194764812 0.3900745632423251 
0.6339940878731884 0.008441787302627707 
0.38312417753582134 -0.11479717048033106 
1.7340669059210443 -1.5656845226616847 
0.32062636461308214 -2.376510679710451 
-3.7376963374787944 -2.3362937536039325 
-4.557456176143363 2.7675707337635354 
1.2546831671414973 -2.2895919377746696 
-0.6771843949623348 0.257819158065832 
0.3082658420856978 -1.0645707401309294 
0.26182822389536875 -0.04913194104172347 
-0.023012378349238465 0.06565469431643524 
0.4403654539751959 -0.692631546175912 
0.1007824314496921 -2.952426119129446 
-1.4404732925473476 -2.328846442337678 
-0.8502891775230333 -0.8471653105233795 
-0.014367831008387885 -0.729132626303884 
-0.05508117555865463 0.048306516392618404 
-0.12333350833783327 -0.31556267034036956 
-0.060504536367817455 0.05097108661348905 
-0.023774153110585665 0.045809846635547 
-0.006509527992828945 0.14599540574969594 
0.0729086436262803 0.2137253994178585 
0.14378492795229694 -0.02775598902565979 
0.09381985374180389 0.03967335537211995 
-0.011879441256232262 0.2115191176774448 
0.04823301092995411 0.03129049925599697 
0.017174329622362573 0.10415075552251485 
0.017619139614544692 0.0013138145211100249 
