1 60 2

-0.007128528244931285 -0.010337991975400298 
-0.01089009656462061 -0.0513290675684926 
0.023241636129551647 -0.06851480442277472 
0.03622080357807504 -0.04874549075542277 
0.03384944858478342 -0.03134063914373836 
0.019271634283496014 -0.016962812548372327 
-0.04828606098061756 -0.05575095654887964 
0.07987197894946774 0.11904802146598309 
0.007756413750871246 0.8741220044638166 
-0.34198458638564616 0.7538687462799705 
-0.08549768233204232 0.10861558676482114 
0.05581171002111329 0.16629599136292159 
-0.01522125687996436 0.14351139219571662 
-0.05429334999740737 0.06942983349882906 
0.001003277336315219 -0.02425017398065668 
0.11723219631796045 0.0450431127971644 
0.9265792874230974 0.9668951191387425 
-0.1056569810334132 2.8337445030943575 
-3.011240477046707 2.3092483274861535 
-2.1844143146240276 -0.611261361276533 
-0.09837481294526136 0.5012919506104274 
-0.2869155077076075 0.857105769193528 
-0.35423140104282014 0.8123747734471087 
0.012500972107379674 0.1099980231127265 
0.5331155797789358 0.008671297063756175 
1.8154628885589579 0.059270579653955324 
0.2942516166296615 0.49184602775767683 
-3.222547431764248 0.5185915714150129 
-3.7445780087868172 -0.4878080343323822 
-0.3634309797696762 0.0691454232607589 
-0.1048381539882933 0.14930653985138337 
0.1683259091118967 0.27325090220723514 
0.5783395767602793 0.05254013729848174 
0.342071000120195 -0.1402335367470372 
1.4957681859337086 -1.5830456852903199 
0.02325048282416017 -3.2244122600682372 
-3.901606450226102 -2.19266772582217 
-3.6659870153834806 1.2825685259912751 
-0.35107747677886403 -0.4408778608252666 
-0.1274082275103462 -0.8239136320114422 
-0.03332804606434475 -0.8146715796777693 
0.2536386161995444 -0.11973507557113826 
-0.019156841274297343 0.05761086024334765 
0.3325447381526443 -0.5953932127229433 
-0.09878531214696398 -2.249664971193443 
-1.2732364200707869 -1.7731301052432589 
-0.6809237769524997 -0.1309427985063929 
0.031246271356402733 -0.32068370833496207 
-0.0261124863771397 -0.3195285475687809 
-0.1295271582311231 -0.23720853404800135 
-0.03197276784597787 0.008350111786887743 
-0.019624556762432747 0.03938341379716862 
-0.009693016117438863 0.119768122527674 
0.049972761361996215 0.09147539073390801 
0.07874371609409538 0.014840069894720614 
0.07539245567079908 0.03669455896579048 
0.042316596395623865 0.033550599151982274 
0.023779426402695737 0.10695934831789447 
0.016250808866902458 0.06896174467545953 
0.007733595646538732 0.019948970038821637 
