1 60 2

-0.007393680315483597 -0.01067793958072096 
-0.010499306177085329 -0.05256686765559182 
0.02722119289464238 -0.0709683481720967 
0.03178233674135357 -0.0452693948432287 
0.030416310648421513 -0.044764097537747904 
0.026505170628794955 -0.015782352256803037 
-0.04849887031382342 -0.05609393486509018 
0.07865381709324469 0.12125587737863244 
0.004573750978138003 0.9077659568895988 
-0.32828348730220186 0.7690868956843069 
-0.0737353574467746 0.1463235112300736 
0.03213439614114637 0.15215188593829995 
-0.009784211292030576 0.14876000625235428 
-0.0598689100130384 0.0660862809005366 
0.0009375319892398412 -0.02352573570905958 
0.11789959395616653 0.04821679486235038 
0.9582531878769421 0.9736479001445697 
-0.032771717326306765 2.795811034707744 
-3.0496266386968642 2.400899131629497 
-2.2612933709932284 -0.554757081899593 
-0.056203368091541694 0.5368616591051376 
-0.30503258073877354 0.8217667603138863 
-0.3203488040515542 0.8303082090782569 
0.011933348367453744 0.10354957502867773 
0.536888586582001 0.009141946166680813 
1.8035930920575627 0.052281516525170574 
0.29185140683198174 0.43148490211346535 
-3.086824058101331 0.5435529116038504 
-3.8194254298966213 -0.5907140418345321 
-0.3774901321998201 0.135527369863069 
-0.0987069267313769 0.11873116163600828 
0.14999620064146635 0.2875056929208746 
0.5802817029905456 0.0460903275650472 
0.3477562821247778 -0.13588065642144306 
1.5290391403061576 -1.5856130187933797 
0.09266469676833294 -3.0799802034393933 
-3.8982943229091735 -2.2616458855493824 
-3.74469912401276 1.3959925880800617 
-0.3233592807111325 -0.5445721916172093 
-0.13943132491048482 -0.7595891911367822 
0.0002884743687457114 -0.8496549621111391 
0.2558317090278571 -0.1087870014209518 
-0.01964707781878587 0.05741542600361126 
0.3443047605835521 -0.6046286701096202 
-0.07388570468876661 -2.34262993002773 
-1.3065518900652453 -1.8272912806700692 
-0.689052283194446 -0.2532875729536312 
0.02696476581714366 -0.2949768885863906 
-0.028160174245507985 -0.3112538329434078 
-0.12904129951006146 -0.2315929255994501 
-0.03487312801211248 0.009318875167965049 
-0.02010272634482499 0.040388082593130176 
-0.008806460252408548 0.1212695319431282 
0.051544118669158215 0.10593443351262227 
0.08919057748568444 0.0027299906182940425 
0.07391407271370384 0.05841050086158122 
0.037101253777468306 0.034601920246759704 
0.026398172306509562 0.10540585261475849 
0.01697678692237005 0.06905667506673463 
0.008721580837950636 0.019280337266838643 
