1 60 2

-0.010407464848891549 -0.014636012173602872 
-0.0021037509257811095 -0.06144219139356613 
0.040658128893234884 -0.0986034545317299 
0.046324964970529126 -0.02415841500968384 
-0.016748113146227157 -0.11442841890222238 
0.06970681292936384 -0.038670877887876695 
-0.04808085013535919 -0.056075663486809785 
0.05995077036092461 0.13716419403361765 
0.022330476681455796 1.1465361695123693 
-0.3256723642202849 0.8995876641403208 
0.09498283950390987 0.33763041098711516 
-0.1538165178581477 0.11983618595395827 
0.03637482138988542 0.1562316443917217 
-0.10010237335911432 0.049992763518908155 
0.0025462985269834454 -0.017016710352906646 
0.11903074988400526 0.06736457184102025 
1.1474706801886245 0.9939603969018358 
0.23562331653597068 2.5616973928933118 
-3.090387468111423 2.7457373174321646 
-3.1522004416953946 -0.0812744882602646 
1.0784682080639862 0.9769796668460748 
-0.7181576144807846 0.4189115302863501 
-0.05109917595476404 0.9815007294427716 
-0.00568477368017381 0.051146267891302166 
0.563100738195288 0.015154490358116002 
1.7569111728659712 0.010833582796881652 
0.29836600664502316 0.258891971885133 
-2.3079415153312715 0.6569173966415585 
-3.851121699524667 -1.8443629308607616 
-1.6761253774435092 1.354511942065339 
0.351206828143698 -0.44897758126738985 
-0.041438191534938884 0.3824810190806939 
0.6206922595127269 0.011453471437479545 
0.3782499143202997 -0.11698431618752272 
1.7091180172611313 -1.5712613990787594 
0.307999748322883 -2.4565962351593438 
-3.7686841412443632 -2.359603589851057 
-4.386432425065407 2.482218164998438 
0.6875400326448459 -1.8884721524204955 
-0.4886494547522183 0.0426199527911979 
0.2527176233690641 -1.0471441307617597 
0.2619618705148542 -0.05323623003882774 
-0.022593567117174862 0.06348568218624644 
0.4255145851167673 -0.6775939334750352 
0.07614833518737285 -2.872076055769056 
-1.4270043753868034 -2.2376329911082067 
-0.8249943420137877 -0.8144827482072793 
0.0024496533131146137 -0.5621889198116191 
-0.04988380934910483 -0.05737228617575263 
-0.12544358068764988 -0.28368598751973867 
-0.05571412175566591 0.03951252090337704 
-0.023176158659593174 0.04535222309547113 
-0.0065013913113411426 0.14010524339088656 
0.06972096418915097 0.20170439168827706 
0.13561496292001415 -0.03883563796767098 
0.0898616616950011 0.0655857903376531 
-0.004290548857992196 0.17254929287788887 
0.044590060795658845 0.046887052521477166 
0.01793129739409871 0.0954197398447047 
0.015932701594738266 0.005563394908022341 
