1 60 2

-0.008625393627677254 -0.01230477080035362 
-0.007591353442286512 -0.05627679968128912 
0.03651535355356364 -0.08353559001122635 
0.03006088245513287 -0.03155647480047476 
0.011074185120921377 -0.08397914478659904 
0.05021542508314775 -0.020004312199174132 
-0.04846163237546201 -0.056420706120759695 
0.07113700260123669 0.12799988788030248 
0.007433193409603654 1.022711428328304 
-0.31267697537372097 0.8202838239896291 
-0.006501272983242823 0.25451405729092147 
-0.058339212484870756 0.12220753009946615 
0.013137651543161497 0.15886666959961535 
-0.07960618277365873 0.05695976326202133 
0.0017023240991814494 -0.020657658304572286 
0.11862865010605117 0.057836130819377524 
1.0553061340169985 0.9879076218598184 
0.13055608266018173 2.680597231682051 
-3.101680770340932 2.6161183414157416 
-2.5972133148863286 -0.3526718528492637 
0.23933466756532196 0.6891375376892825 
-0.41747528272334805 0.6733886152837003 
-0.20277559944960621 0.8941163228507225 
0.006355364577782935 0.08040952479895429 
0.5495628180484176 0.011682487481528565 
1.776198792661806 0.031110568927100984 
0.29523736791384625 0.3168376792989832 
-2.6960883566356433 0.6035256995796192 
-3.9467663877448986 -1.0436076612455967 
-0.6081612381326326 0.5175112343981185 
-0.01347905037102215 -0.06396243723431533 
0.07613166245030822 0.3374354694797962 
0.5931316779948033 0.02671603500117932 
0.3634906856607565 -0.12487241729335531 
1.6248493521094296 -1.5839935654678827 
0.23640258789518317 -2.728846137480187 
-3.8516556936146666 -2.3728053112656684 
-4.010557625757516 1.84272865560161 
-0.10346963458123506 -1.032756016419261 
-0.22022059292961488 -0.45791883071251815 
0.11278593820966237 -0.958293966448525 
0.2605347860135203 -0.07659717466298785 
-0.02117434524742623 0.05871068409807149 
0.38297664275976545 -0.636649349800015 
0.0012037018174625436 -2.617797432944612 
-1.3793825573719452 -2.0033983179383412 
-0.7454303231265614 -0.5961003323776687 
0.021131969487958646 -0.3050295968132377 
-0.037719069080105916 -0.24574264274743352 
-0.1277737505052027 -0.2333361827102518 
-0.044269097051391496 0.0174712307812524 
-0.021569485771327994 0.043323481887688906 
-0.0070686767079710805 0.12745670962903233 
0.05954215320153956 0.1565051804921165 
0.1142258111955858 -0.035288440809666144 
0.07857226638847145 0.09545963302152227 
0.01739672275004575 0.07601960432857299 
0.035179195523261396 0.08663443669719575 
0.0182349470627639 0.0761618959303112 
0.011958310919997332 0.014892781626558792 
