1 60 2

-0.008145171711964015 -0.011677534415846468 
-0.00886131743635678 -0.0549492956520561 
0.03397773562469597 -0.07877292695611299 
0.028567607633591896 -0.03604852814886285 
0.01885324228634016 -0.07155925283269862 
0.04227555330384987 -0.017091393564363663 
-0.04855230814698669 -0.05638822825665044 
0.0741892479052493 0.12554598536518086 
0.004658528100678079 0.9828748834684331 
-0.31393228975430143 0.8008937961759621 
-0.033845377896705345 0.2206422166416972 
-0.02568337013935726 0.1294006182744671 
0.00466531349240301 0.15673581499322167 
-0.0726302449546053 0.05978914794122292 
0.0013238794013321654 -0.021715051068862422 
0.11849383587735632 0.05460708648869604 
1.0231286731572349 0.984187605914218 
0.08387109059881845 2.7192398046120134 
-3.0931874264977623 2.5547029486112605 
-2.465428552919861 -0.4271387238772567 
0.10346880022873105 0.6294270942315219 
-0.3670905664477218 0.730907652412522 
-0.2450475755292302 0.8709093899167688 
0.00891436481545127 0.08877116423094325 
0.5451948424319613 0.01068640100434086 
1.784184772024037 0.03813046321958505 
0.29353851283446014 0.346542602949186 
-2.824854403029361 0.585137439736132 
-3.923588935087756 -0.8642424222720797 
-0.4838930288347195 0.352221786098055 
-0.05814718795057938 0.015357352089898357 
0.10447585356249323 0.3200829526087698 
0.5874819237125806 0.03301088425876449 
0.35841146944386626 -0.1281473996932745 
1.593936704145956 -1.586079229935471 
0.19796478608573173 -2.834586970132304 
-3.872417255795784 -2.3516617404716995 
-3.914688133237255 1.6766156753831667 
-0.21017362923729957 -0.8368892473180467 
-0.1823028629769629 -0.5783572491445288 
0.07296756965781559 -0.9224456024906327 
0.25931058426269504 -0.08685932491947342 
-0.0206627964257039 0.057879514349077926 
0.3695798038338136 -0.6249608562268817 
-0.023825366574607085 -2.5279376263954 
-1.3590226657215134 -1.9396331177137547 
-0.7222420189050781 -0.49089798329875406 
0.022733859337921825 -0.28163180796702647 
-0.03411505549764973 -0.2770913829042307 
-0.12818231486187942 -0.22867272321575577 
-0.0409938567873044 0.013576008926620087 
-0.021074796460756256 0.04241478465560048 
-0.007492242157305311 0.12485929896669137 
0.05640442046002139 0.13934960617866007 
0.10681344825360665 -0.024372710028865874 
0.07582425360333826 0.08948592572510572 
0.024384023150142146 0.05536484684069687 
0.032172903741809186 0.09547959689470872 
0.017958644694071317 0.07248441726818983 
0.010827230162679658 0.016840371559018706 
