1 60 2

-0.007733341043450585 -0.011130871084440056 
-0.00982903401011915 -0.053740550387592775 
0.03085100100165219 -0.07448570051966724 
0.02916940008376984 -0.040824974181646254 
0.025367594570589874 -0.058354731763218995 
0.03426554539031719 -0.015735735205407275 
-0.04857579833912114 -0.056288533673963255 
0.07672959365894824 0.12334550610044023 
0.0036022968780225206 0.9443251783243853 
-0.3189978399914754 0.7842316469130866 
-0.056424473569081535 0.1842150779165848 
0.004775155244151341 0.13955984186093703 
-0.0030895440409615185 0.15328417117064513 
-0.0660065740648479 0.06284716201781036 
0.0010530218012183533 -0.022675181382481632 
0.11827941849844609 0.051397614671820455 
0.9906368936519754 0.9794441239284981 
0.02985096795663844 2.7576221317207747 
-3.0763565648493563 2.48295659814426 
-2.3542826028358688 -0.49404365863082206 
0.008522524165661724 0.5792972231899682 
-0.3308562275502247 0.7799479869558285 
-0.284086658723429 0.8497439575897 
0.010758211651421011 0.09647936068467922 
0.5409486242965497 0.009827008560467851 
1.793244656043629 0.045208717321662734 
0.29211740701093364 0.3840110165362749 
-2.954745162904678 0.5654279969214612 
-3.8800393888174156 -0.7149537422588841 
-0.41342951716883436 0.227578989790018 
-0.08449556152975801 0.07512780656763973 
0.12888158294306984 0.30324164834255557 
0.5832657030634811 0.039530455993581605 
0.3531831087017569 -0.13182081404702758 
1.5619034789637418 -1.5866626529042005 
0.15044318676009377 -2.9508677899406615 
-3.888231313795284 -2.3148191075686553 
-3.826991596597694 1.527799479194234 
-0.27917908796275476 -0.6755082895007494 
-0.15679757501319413 -0.6783255321571657 
0.035613157297501 -0.8858659198967045 
0.2577322269861929 -0.0977150446878059 
-0.02014980627907493 0.05746450777050673 
0.35666624100486 -0.6143477792685446 
-0.04885788590169285 -2.4358961586397534 
-1.3350074842665576 -1.8817102711243685 
-0.7030626110797511 -0.37508483915752583 
0.024348853814957577 -0.2801276388598549 
-0.030871806273750718 -0.2979806449010819 
-0.1285967552247132 -0.22842496343287738 
-0.03787266576982405 0.010959326356267493 
-0.020587271441544798 0.04142054576728222 
-0.008067946097539587 0.12287333899638588 
0.053695488351781534 0.12219346977757323 
0.09855065508737576 -0.011027038414064216 
0.07415104161318813 0.07665874314322804 
0.031035209650542274 0.041613810400969425 
0.02922342012929373 0.10169783945739205 
0.017541394683823743 0.07016144827206872 
0.00975127748507212 0.018276440218740284 
