1 60 2

-0.006938652575119838 -0.010133731217200365 
-0.011035194192500299 -0.04992880165849896 
0.019134232986700715 -0.06734639014480058 
0.042204253509398944 -0.050724660673000105 
0.035582742832499965 -0.018749396839299725 
0.012788751139300109 -0.018897523049800097 
-0.04790196181910051 -0.05518376650319881 
0.08032825110040087 0.11642955477399657 
0.013131502773197933 0.8444064067520021 
-0.36002198399699703 0.7369075329310003 
-0.09168961949939995 0.07309742977089924 
0.07552084347779975 0.18085547145000022 
-0.01933044023169994 0.13794382460200016 
-0.04930643714339991 0.07278323460320002 
0.0012577619361399735 -0.024830005146399953 
0.11611363609600134 0.04181102902649919 
0.8964490193359977 0.959474076001002 
-0.19101991794799664 2.871239032180002 
-2.9591554330200043 2.2093441540199996 
-2.121861034160001 -0.6658245726289994 
-0.12361454199599967 0.4722133233449998 
-0.27449974965199997 0.8865108962129995 
-0.38608488158000026 0.795747780703 
0.012532877281600087 0.11585068502299993 
0.5297802280239988 0.008459065535270528 
1.8290745823400005 0.06608296664369892 
0.30186256107099796 0.5687403296359996 
-3.3641045821499955 0.48965079923000004 
-3.6579772369599985 -0.4034148302460002 
-0.3629748860410023 0.022548359633200038 
-0.10556541901899931 0.16963954866300024 
0.18426579280199992 0.2606712661259998 
0.577264150475 0.05876679372580015 
0.3360439147900005 -0.14467442535800054 
1.4627417449800009 -1.5794745991099994 
-0.05967501037759992 -3.386827293480001 
-3.8966376435400023 -2.1094825681099993 
-3.5900538019300012 1.1896850678499995 
-0.3675976575659976 -0.36146939779399956 
-0.11895647632100106 -0.8731621912740006 
-0.06544881417059965 -0.7814994603529992 
0.2511754664009999 -0.1302841063600005 
-0.018659223137800007 0.05785630418779981 
0.3213771858509992 -0.5860109398849999 
-0.1231992923889998 -2.158925497889999 
-1.2352511573899994 -1.7156409641300008 
-0.6787361868819993 -0.013823358438399155 
0.037477615279498985 -0.3520623668640006 
-0.024771493752899536 -0.32511286982699933 
-0.13007841623700012 -0.24438522212300037 
-0.029150395490799997 0.0077668581677202385 
-0.019167475782799998 0.03848429470279999 
-0.010676472260099728 0.11808472196500013 
0.048872874615399915 0.07951343321549952 
0.06751738996849978 0.0236022735102004 
0.07868999416539979 0.013814212060399855 
0.04647230079130028 0.03714096448440018 
0.02143323924799986 0.10690712494899983 
0.015354290916100018 0.06961867591930009 
0.0067827161691599944 0.020387702051899933 
