1 60 2

-0.00976638585655709 -0.013782012115981486 
-0.00418523261020861 -0.059500215571932455 
0.03978746910950204 -0.09358617438153938 
0.039141904086080245 -0.025313533939499755 
-0.0071523672912933225 -0.10554361428118951 
0.06437721204076383 -0.03075680251315238 
-0.048198225576354795 -0.05628326184058974 
0.06391735909352197 0.13383686688995763 
0.016648567302036427 1.1046868026130314 
-0.3192576421816223 0.8695828097349206 
0.05920380016300164 0.31294254492055945 
-0.12455243876818317 0.11741855694505773 
0.029903823493970437 0.1586631738375988 
-0.09369933477710332 0.05205398038503742 
0.002445768018387473 -0.01829200201880221 
0.11886693685502628 0.0642456199087565 
1.1176469325744451 0.9926773377714331 
0.20569399494718216 2.6019590637346357 
-3.0991051778407406 2.7106190935433663 
-2.9360879785876675 -0.17931566444961788 
0.7007766862870592 0.8546533734516366 
-0.5839601048374689 0.5224342989258691 
-0.1063925320309684 0.9486545890723995 
-0.0009758420236388524 0.06162946746441515 
0.5585294821440601 0.013946814452074269 
1.762715541013233 0.01743165908178884 
0.2978010949861994 0.2741947194696477 
-2.438467229336573 0.638967732002883 
-3.9155864413129793 -1.5225883591397213 
-1.1496713630813475 1.0080946949652652 
0.17332753137253915 -0.29414385063246723 
0.004223602914039448 0.36996615203968436 
0.6095474532658303 0.01568539570414941 
0.37337304220500883 -0.11935150203520964 
1.6825579866010112 -1.5763229338018427 
0.290386093368627 -2.5413186869993063 
-3.798759732478425 -2.3747001395932177 
-4.241836708027093 2.239287298902869 
0.30989805637602513 -1.5509804136948002 
-0.36183909813372567 -0.14868412295931277 
0.20203264855251946 -1.022301823066971 
0.26184421319811246 -0.05940971081915292 
-0.022146535455918867 0.061563838142215103 
0.410983581283924 -0.6631197265513031 
0.051250885029553356 -2.7897421772760578 
-1.412646552302662 -2.1524782241550047 
-0.7982250178354373 -0.7605245653114283 
0.012650198317745692 -0.4396742365203039 
-0.04554080345056796 -0.13924925079033917 
-0.12661627334478925 -0.2598954156667406 
-0.051523790551270404 0.03020856032703919 
-0.022612489351146677 0.04479409475423805 
-0.006590230442125394 0.13503339353724914 
0.06636608587588624 0.18807864731865334 
0.12818699769120379 -0.043511185981521594 
0.08587654640275506 0.08372367157747927 
0.0030350255596647557 0.13580747644966285 
0.04131642333265971 0.06183966848078999 
0.018283096854255818 0.08770943740642065 
0.014470802775853657 0.009266272318510127 
