1 60 2

-0.00916847772857263 -0.013006318529576146 
-0.006026134459445033 -0.057782481670960235 
0.03843993959238434 -0.0885302047315687 
0.03362989855204772 -0.027856610080355684 
0.002288741403497996 -0.09535891980798061 
0.057721595813445645 -0.024547542440903486 
-0.048334196183724545 -0.05639019660128822 
0.06767889413559534 0.1307658148286581 
0.011557643247802285 1.0633895050479976 
-0.3146734004892794 0.8431047897594365 
0.024868576994498973 0.28530604625589 
-0.09189937181136237 0.11820319256947735 
0.021803977211161535 0.15953166651934864 
-0.08672877780769536 0.05437945277319263 
0.002113106695638422 -0.019512685173110507 
0.1187408440843001 0.06105932035123634 
1.0868786869913498 0.9906985355946998 
0.17089668967201718 2.6415536706161307 
-3.103236922898728 2.667774743245647 
-2.7527680334931395 -0.27002530323123886 
0.4312599347854856 0.7620986287229043 
-0.48727409126707477 0.6051681509226247 
-0.15674990387564094 0.9198169631509132 
0.0030561815511924786 0.07137251944175042 
0.554014329589474 0.012780024583661592 
1.7690973365704696 0.024198780518630003 
0.29673431874311235 0.29316627871244394 
-2.5675674613900736 0.6212923064656781 
-3.9456512048634713 -1.259924372031372 
-0.8154526035081531 0.7326973848486895 
0.05892284473137352 -0.16619671375110806 
0.04303964071793431 0.3544478651714976 
0.6004203639671544 0.020860535538195696 
0.36846472688889254 -0.12195974587632141 
1.6544373636288412 -1.5806510045424507 
0.2668562733942237 -2.631640144050398 
-3.8267810423257553 -2.379801110111751 
-4.118180881563987 2.0286325940967576 
0.06030595808638487 -1.2684813340282433 
-0.27693322403114135 -0.31522998713733097 
0.1556037579107754 -0.9920921468587081 
0.2613803564953817 -0.06731887381952589 
-0.021671944498465656 0.0599525301076154 
0.39679366911395847 -0.6494101168429676 
0.026239088308188663 -2.705065393963857 
-1.3969842281945553 -2.0742546170401175 
-0.771239810488916 -0.686961279925301 
0.01827944991493119 -0.35585006938629393 
-0.04154060024692813 -0.20088426866643727 
-0.12730181304034405 -0.24341730069072548 
-0.0477510814449551 0.02293034840407239 
-0.02207922723135738 0.044119593308218935 
-0.006775148230553432 0.13082146059367109 
0.06292460274302428 0.17291934263542028 
0.1211965918437862 -0.04207935442979116 
0.08202984601815107 0.09368062599357105 
0.010253270648999606 0.1031528512135689 
0.038215781529259016 0.07529505508643486 
0.01835729083353605 0.08124798774653609 
0.013162386248880449 0.012377567388611815 
