1 60 2

-0.011748183300384735 -0.016604688421275868 
0.0025405589962919396 -0.0659776980830846 
0.04174343542679892 -0.10837131687758014 
0.06371027677208163 -0.02649077263466061 
-0.033304862165616754 -0.12787434366328454 
0.07432841410847277 -0.05991864116056729 
-0.048009192571140044 -0.05524444155524234 
0.051783320363740226 0.1443073253030607 
0.03404332236173829 1.2320026262451476 
-0.34044509650343013 0.9687340264179298 
0.16171550593854717 0.3794783388581472 
-0.18841810980189963 0.13461213490285043 
0.038479403007423155 0.14653672831403347 
-0.10889438142463088 0.04684169977233389 
0.0011955493802681162 -0.01448406774098003 
0.1195391721784463 0.07329659115836636 
1.2038921232409416 0.9948537890372582 
0.2831970596507854 2.478962040610336 
-3.06295463498698 2.796731104324674 
-3.708101931273638 0.13193771124554393 
2.3481120906988076 1.3809903776223478 
-1.1652975039566345 0.10416184424204378 
0.07643198588180955 1.0638823526056946 
-0.016539937969277684 0.0279118344912377 
0.5724198163366977 0.017600797160856677 
1.7465749240352726 -0.0018123995993722108 
0.2981351339290314 0.2362768895905734 
-2.0389962474648105 0.6943383317683349 
-3.594092888805094 -2.739869518443936 
-3.7324444849733776 2.29679444201009 
1.040218092845085 -0.8233653617961825 
-0.15807354327188516 0.3903833146493271 
0.6495255371983402 0.006926891299444349 
0.38801994919636773 -0.11273408838301482 
1.757391843894605 -1.5597788132000987 
0.3290952990171575 -2.3003559990979148 
-3.7068778930869 -2.306005881636492 
-4.760899206448925 3.1081839309090107 
2.099598619169288 -2.76159487612314 
-0.9557176059877895 0.49246140046479026 
0.36912962937315996 -1.0722476746753358 
0.26162207881060084 -0.04737712857451948 
-0.023405036028752872 0.06801139404894907 
0.4555200068666631 -0.7080419571244911 
0.12496018919404506 -3.0311715826070067 
-1.453261169169763 -2.425032660982629 
-0.8730644632124508 -0.8576565901477411 
-0.039995369804874066 -0.9460760599917157 
-0.06221352750708242 0.18120344140520095 
-0.11959202075875458 -0.3560279821468631 
-0.06614607468081807 0.06459188774682459 
-0.02440655706830847 0.04619059014855458 
-0.0066308114087719194 0.15262039452051002 
0.07592354414099066 0.22423851665107783 
0.15284416457376548 -0.010370571582644095 
0.09768880988984395 0.006816960896726634 
-0.020016848029953634 0.25050278885799393 
0.05253656015377644 0.016122794023417333 
0.015832291333431905 0.11356305067280217 
0.019626405053284054 -0.0033874302541425432 
